taska: 0.734047008762
taskb: 0.731258571719
