taska: 0.745107892188
taskb: 0.727962470821
